1000 1000
100
649 363 197
169 810 1263
212 1097 1400
138 1050 1401
395 1236 411
827 121 958
979 998 329
857 1254 1400
803 258 1315
575 281 1124
906 340 1450
245 830 355
442 841 910
671 1223 244
81 1188 1278
43 62 871
565 687 1001
673 845 331
847 314 1337
526 1406 241
95 510 935
559 932 940
245 564 627
53 985 1245
946 625 525
726 896 368
425 271 250
253 556 622
196 321 589
757 1284 906
120 359 639
720 190 753
772 389 533
783 1234 443
259 397 710
613 1417 302
105 813 474
994 1123 1353
512 71 1145
956 148 147
371 652 781
82 512 435
85 297 1348
980 53 638
495 183 801
876 184 66
949 463 800
502 465 1421
774 561 1371
219 1397 160
166 762 380
454 1032 1194
102 562 453
251 842 727
342 1376 804
82 910 120
47 1440 909
110 1464 1248
362 166 1078
474 696 714
33 658 1033
278 619 79
63 1195 79
278 443 754
415 349 159
84 525 862
665 1455 670
911 171 463
374 1468 1368
506 644 1447
931 862 188
608 1460 808
47 478 175
241 1243 1005
511 450 3
546 336 157
945 346 1233
326 76 349
528 244 457
696 732 1094
358 1379 1375
571 1120 1170
503 1049 136
85 764 975
360 181 1062
569 771 181
849 368 1065
687 338 677
773 1311 347
114 1299 347
579 712 1438
142 115 933
759 1374 1097
868 377 18
124 1460 862
126 1051 181
154 150 380
127 264 1095
565 576 612
908 33 585
