1000 1000
100
11832 6083 27642
9250 22692 8539
24403 8149 17227
16677 25949 22519
22454 20999 9229
32039 31866 7364
1851 18646 22115
21585 2093 6724
19660 11175 19836
9591 8909 11360
14125 28938 15191
32015 25855 1920
12285 17458 3944
6381 22436 9490
17462 29181 24265
23202 6029 15228
32729 223 29882
24909 3426 16542
31374 13443 16536
17718 1603 32121
20820 2325 4765
16020 2563 24213
28060 31581 11006
11851 4635 16437
13414 2621 5953
23171 20632 18050
6192 4909 18410
2661 6330 12594
7907 20171 15565
21353 17152 22357
18683 5020 12447
12274 9419 25417
31131 29833 23716
10800 30696 20495
5970 7625 21389
22396 26779 24687
11189 20007 7900
24490 261 7598
23587 17395 19566
10511 24310 11974
16456 15360 507
19741 7567 23131
27447 1642 2724
747 11840 5351
571 2093 14067
1036 5376 27089
2217 4530 25042
25965 10710 10605
10845 4559 3424
16711 13837 24336
22182 10745 24761
12347 3494 31172
31687 21400 27648
16180 13797 5955
14182 28603 2644
7342 20493 21555
27250 4507 4466
29535 27560 13805
24426 27058 19765
8580 9712 296
10260 14932 6451
831 9258 28250
5111 3 21793
11205 5405 30658
13119 18170 213
31819 2536 17989
20946 21670 4843
22773 12515 22948
17595 9988 10625
6973 23882 15813
22588 9494 5773
7804 23791 16888
14114 761 4526
11940 31003 2173
21552 8506 6028
2642 12904 13248
17597 25212 17186
24751 24389 17411
10203 25490 18316
2285 25422 13156
14238 406 12585
29752 18897 22416
2651 30373 19250
23663 14351 22393
26621 24901 789
16655 31773 26856
31676 5033 30009
12555 875 23758
9431 24389 1781
31624 20574 4748
18735 1652 8151
31416 10377 2492
25285 24862 18585
4935 15705 18206
7564 25250 16466
2072 3929 27822
19737 24174 2245
13641 20573 3604
23050 30215 4317
30378 9003 16877
