1000 1000
100
487 806 156
419 382 411
761 136 109
18 492 158
502 974 247
139 981 420
914 685 171
67 227 650
990 763 62
310 1025 550
366 93 733
519 683 294
726 365 505
633 387 984
769 687 534
805 519 1035
484 738 211
231 1038 697
283 951 967
256 632 125
634 950 257
608 33 420
414 488 408
527 412 177
568 242 188
694 944 334
16 560 985
790 564 740
932 175 456
276 808 587
666 846 488
431 743 1029
263 32 291
161 516 472
869 177 99
277 490 30
77 148 405
666 737 110
30 37 298
206 938 1062
717 81 1041
275 114 897
888 284 1089
838 946 487
157 235 142
947 344 747
827 844 285
709 596 503
293 490 827
856 116 726
332 807 673
274 402 122
737 523 802
423 661 719
462 453 113
145 222 151
133 258 569
520 278 23
329 202 39
304 836 213
910 245 880
719 792 252
743 80 194
727 323 303
958 828 223
129 433 1097
259 41 885
256 760 754
603 0 960
812 1067 532
63 15 684
566 468 311
872 937 833
327 913 115
598 909 913
543 69 718
812 351 726
339 835 660
168 718 767
981 960 247
559 440 742
758 695 746
13 923 791
692 784 959
555 1010 815
23 1002 130
585 759 336
842 1029 366
739 259 638
199 507 1056
866 135 1080
587 17 457
618 508 683
340 625 154
451 599 1077
802 252 478
603 920 722
234 620 930
13 796 760
420 423 801
